Car 0.00 0 0.0 960.00 150.00 1200.00 200.00 1.0 1.40 0.80 -2.18 -0.10 23.41 1.57
Car 0.00 0 0.0 960.00 150.00 1200.00 200.00 1.0 1.40 0.80 10.46 -0.27 23.41 1.57
Car 0.00 0 0.0 960.00 150.00 1200.00 200.00 1.0 1.40 0.80 -2.18 -0.10 17.33 1.57
Car 0.00 0 0.0 960.00 150.00 1200.00 200.00 1.0 1.40 0.80 -7.78 -0.02 17.01 1.57
Car 0.00 0 0.0 960.00 150.00 1200.00 200.00 1.0 1.40 1.08 -0.15 -0.12 16.83 1.57
Car 0.00 0 0.0 960.00 150.00 1200.00 200.00 1.0 1.40 0.80 10.14 -0.26 14.13 1.57
Car 0.00 0 0.0 960.00 150.00 1200.00 200.00 1.0 1.40 0.80 2.66 -0.16 10.61 1.57
Car 0.00 0 0.0 960.00 150.00 1200.00 200.00 1.0 1.40 0.80 -7.30 -0.03 10.61 1.57
Car 0.00 0 0.0 960.00 150.00 1200.00 200.00 1.0 1.40 0.80 5.66 -0.20 10.61 1.57
Car 0.00 0 0.0 960.00 150.00 1200.00 200.00 1.0 1.40 0.80 9.62 -0.26 7.41 1.57
Car 0.00 0 0.0 960.00 150.00 1200.00 200.00 1.0 1.40 0.80 11.26 -0.28 7.41 1.57
Car 0.00 0 0.0 960.00 150.00 1200.00 200.00 1.0 1.40 0.80 -2.66 -0.09 1.01 1.57
