Car 0.00 0 0.0 960.00 150.00 1200.00 200.00 1.0 1.40 0.80 -9.86 0.01 22.53 1.57
Car 0.00 0 0.0 960.00 150.00 1200.00 200.00 1.0 1.40 1.44 3.82 -0.18 21.89 1.57
Car 0.00 0 0.0 960.00 150.00 1200.00 200.00 1.0 1.40 0.80 8.70 -0.24 22.21 1.57
Car 0.00 0 0.0 960.00 150.00 1200.00 200.00 1.0 1.40 0.80 4.38 -0.18 19.01 1.57
Car 0.00 0 0.0 960.00 150.00 1200.00 200.00 1.0 1.40 0.80 3.58 -0.17 15.81 1.57
Car 0.00 0 0.0 960.00 150.00 1200.00 200.00 1.0 1.40 0.80 -2.34 -0.09 12.93 1.57
Car 0.00 0 0.0 960.00 150.00 1200.00 200.00 1.0 1.40 1.12 2.26 -0.16 13.09 1.57
Car 0.00 0 0.0 960.00 150.00 1200.00 200.00 1.0 0.80 1.76 -12.40 0.04 7.01 1.57
Car 0.00 0 0.0 960.00 150.00 1200.00 200.00 1.0 1.40 1.12 -9.38 0.00 6.05 1.57
Car 0.00 0 0.0 960.00 150.00 1200.00 200.00 1.0 1.40 0.80 0.70 -0.13 6.21 1.57
Car 0.00 0 0.0 960.00 150.00 1200.00 200.00 1.0 1.40 0.80 -5.86 -0.04 3.33 1.57
Car 0.00 0 0.0 960.00 150.00 1200.00 200.00 1.0 1.40 0.48 -9.58 0.01 1.89 1.57
Car 0.00 0 0.0 960.00 150.00 1200.00 200.00 1.0 2.52 0.80 9.74 -0.26 0.13 1.57
Car 0.00 0 0.0 960.00 150.00 1200.00 200.00 1.0 1.40 0.48 4.38 -0.18 -0.03 1.57
