Car 0.00 0 0.0 960.00 150.00 1200.00 200.00 1.0 1.40 1.44 -5.88 -0.04 21.89 1.57
Car 0.00 0 0.0 960.00 150.00 1200.00 200.00 1.0 1.40 0.80 -1.00 -0.11 22.21 1.57
Car 0.00 0 0.0 960.00 150.00 1200.00 200.00 1.0 1.40 0.80 -5.32 -0.05 19.01 1.57
Car 0.00 0 0.0 960.00 150.00 1200.00 200.00 1.0 1.40 0.80 -6.12 -0.04 15.81 1.57
Car 0.00 0 0.0 960.00 150.00 1200.00 200.00 1.0 1.40 1.12 -7.44 -0.02 13.09 1.57
Car 0.00 0 0.0 960.00 150.00 1200.00 200.00 1.0 1.16 0.80 -11.92 0.04 12.93 1.57
Car 0.00 0 0.0 960.00 150.00 1200.00 200.00 1.0 1.40 0.80 11.40 -0.28 12.61 1.57
Car 0.00 0 0.0 960.00 150.00 1200.00 200.00 1.0 1.40 0.80 -9.00 0.00 6.21 1.57
Car 0.00 0 0.0 960.00 150.00 1200.00 200.00 1.0 1.40 0.80 3.80 -0.18 3.33 1.57
Car 0.00 0 0.0 960.00 150.00 1200.00 200.00 1.0 1.40 0.80 7.00 -0.22 3.01 1.57
Car 0.00 0 0.0 960.00 150.00 1200.00 200.00 1.0 2.52 0.80 0.04 -0.13 0.13 1.57
Car 0.00 0 0.0 960.00 150.00 1200.00 200.00 1.0 1.40 0.48 -5.32 -0.05 -0.03 1.57
