Car 0.00 0 0.0 960.00 150.00 1200.00 200.00 1.0 1.40 0.80 -11.50 0.03 22.45 1.57
Car 0.00 0 0.0 960.00 150.00 1200.00 200.00 1.0 1.40 0.80 0.14 -0.13 22.45 1.57
Car 0.00 0 0.0 960.00 150.00 1200.00 200.00 1.0 1.40 0.80 7.66 -0.23 12.85 1.57
Car 0.00 0 0.0 960.00 150.00 1200.00 200.00 1.0 1.24 1.12 12.18 -0.29 13.01 1.57
Car 0.00 0 0.0 960.00 150.00 1200.00 200.00 1.0 1.68 1.76 -2.84 -0.09 6.93 1.57
Car 0.00 0 0.0 960.00 150.00 1200.00 200.00 1.0 1.40 1.12 0.62 -0.13 5.97 1.57
Car 0.00 0 0.0 960.00 150.00 1200.00 200.00 1.0 1.40 0.80 10.70 -0.27 6.13 1.57
Car 0.00 0 0.0 960.00 150.00 1200.00 200.00 1.0 1.40 0.80 4.14 -0.18 3.25 1.57
Car 0.00 0 0.0 960.00 150.00 1200.00 200.00 1.0 1.32 0.80 -12.14 0.04 2.93 1.57
Car 0.00 0 0.0 960.00 150.00 1200.00 200.00 1.0 1.40 0.48 0.42 -0.13 1.81 1.57
