Car 0.00 0 0.0 960.00 150.00 1200.00 200.00 1.0 1.40 0.80 -2.18 -0.10 23.01 1.57
Car 0.00 0 0.0 960.00 150.00 1200.00 200.00 1.0 1.40 0.48 10.42 -0.27 21.89 1.57
Car 0.00 0 0.0 960.00 150.00 1200.00 200.00 1.0 1.40 0.80 -0.42 -0.12 16.61 1.57
Car 0.00 0 0.0 960.00 150.00 1200.00 200.00 1.0 1.40 0.80 -2.18 -0.10 13.41 1.57
Car 0.00 0 0.0 960.00 150.00 1200.00 200.00 1.0 1.40 0.80 10.46 -0.27 13.41 1.57
Car 0.00 0 0.0 960.00 150.00 1200.00 200.00 1.0 1.40 0.80 -2.18 -0.10 7.33 1.57
Car 0.00 0 0.0 960.00 150.00 1200.00 200.00 1.0 1.40 0.80 -7.78 -0.02 7.01 1.57
Car 0.00 0 0.0 960.00 150.00 1200.00 200.00 1.0 1.40 1.08 -0.15 -0.12 6.83 1.57
Car 0.00 0 0.0 960.00 150.00 1200.00 200.00 1.0 1.40 0.80 10.14 -0.26 4.13 1.57
Car 0.00 0 0.0 960.00 150.00 1200.00 200.00 1.0 1.40 0.80 2.66 -0.16 0.61 1.57
Car 0.00 0 0.0 960.00 150.00 1200.00 200.00 1.0 1.40 0.80 -7.30 -0.03 0.61 1.57
Car 0.00 0 0.0 960.00 150.00 1200.00 200.00 1.0 1.40 0.80 5.66 -0.20 0.61 1.57
